100131778
100131779
100131780
100131781
100131782
100131783
100131784
100131785
100131786
100131787
100131788
100131789
100131790
100131791
100131792
100131793
100131794
100131795
100131796
100131797
100131798
100131799
100131800
100131801
100131802
100131803
100131804
100131805
100131806
100131807
100131808
100131809
100131810
100131811
100131812
100131813
100131814
100131815
100131816
100131817
100131818
100131819
100131820
100131821
100131822
100131823
100131824
100131825
100131826
100131827
100131828
100131829
100131830
100131831
100131832
100131833
100131834
100131835
100131836
100131837
100131838
100131839
100131840
100131841
100131842
100131843
100131844
100131845
100131846
100131847
100131848
100131849
100131850
100131851
100131852
100131853
100131854
100131855
100131856
100131857
100131858
100131859
100131860
100131861
100131862
100131863
100131864
100131865
100131866
100131867
100131868
100131869
100131870
100131871
100131872
100131873
100131874
100131875
100131876
100131877
100131878
100131879
100131880
100131881
100131882
100131883
100131884
100131885
100131886
100131887
100131888
100131889
100131890
100131891
100131892
100131893
100131894
100131895
100131896
100131897
100131898
100131899
100131900
100131901
100131902
100131903
100131904
100131905
100131906
100131907
100131908
100131909
100131910
100131911
100131912
100131913
100131914
100131915
100131916
100131917
100131918
100131919
100131920
100131921
100131922
100131923
100131924
100131925
100131926
100131927
100131928
100131929
100131930
100131931
100131932
100131933
100131934
100131935
100131936
100131937
100131938
100131939
100131940
100131941
100131942
100131943
100131944
100131945
100131946
100131947
100131948
100131949
100131950
100131951
100131952
100131953
100131954
100131955
100131956
100131957
100131958
100131959
100131960
100131961
100131962
100131963
100131964
100131965
100131966
100131967
100131968
100131969
100131970
100131971
100131972
100131973
100131974
100131975
100131976
100131977
100131978
100131979
100131980
100131981
100131982
100131983
100131984
100131985
100131986
100131987
100131988
100131989
100131990
100131991
100131992
100131993
100131994
100131995
100131996
100131997
100131998
100131999
100132000
100132001
100132002
100132003
100132004
100132005
100132006
100132007
100132008
100132009
100132010
100132011
100132012
100132013
100132014
100132015
100132016
100132017
100132018
100132019
100132020
100132021
100132022
100132023
100132024
100132025
100132026
100132027
100132028
100132029
100132030
100132031
100132032
100132033
100132034
100132035
100132036
100132037
100132038
100132039
100132040
100132041
100132042
100132043
100132044
100132045
100132046
100132047
100132048
100132049
100132050
100132051
100132052
100132053
100132054
100132055
100132056
100132057
100132058
100132059
100132060
100132061
100132062
100132063
100132064
100132065
100132066
100132067
100132068
100132069
100132070
100132071
100132072
100132073
100132074
100132075
100132076
100132077
100132078
100132079
100132080
100132081
100132082
100132083
100132084
100132085
100132086
100132087
100132088
100132089
100132090
100132091
100132092
100132093
100132094
100132095
100132096
100132097
100132098
100132099
100132100
100132101
100132102
100132103
100132104
100132105
100132106
100132107
100132108
100132109
100132110
100132111
100132112
100132113
100132114
100132115
100132116
100132117
100132118
100132119
100132120
100132121
100132122
100132123
100132124
100132125
100132126
100132127
100132128
100132129
100132130
100132131
100132132
100132133
100132134
100132135
100132136
100132137
100132138
100132139
100132140
100132141
100132142
100132143
100132144
100132145
100132146
100132147
100132148
100132149
100132150
100132151
100132152
100132153
100132154
100132155
100132156
100132157
100132158
100132159
100132160
100132161
100132162
100132163
100132164
100132165
100132166
100132167
100132168
100132169
100132170
100132171
100132172
100132173
100132174
100132175
100132176
100132177
100132178
100132179
100132180
100132181
100132182
100132183
100132184
100132185
100132186
100132187
100132188
100132189
100132190
100132191
100132192
100132193
100132194
100132195
100132196
100132197
100132198
100132199
100132200
100132201
100132202
100132203
100132204
100132205
100132206
100132207
100132208
100132209
100132210
100132211
100132212
100132213
100132214
100132215
100132216
100132217
100132218
100132219
100132220
100132221
100132222
100132223
100132224
100132225
100132226
100132227
100132228
100132229
100132230
100132231
100132232
100132233
100132234
100132235
100132236
100132237
100132238
100132239
100132240
100132241
100132242
100132243
100132244
100132245
100132246
100132247
100132248
100132249
100132250
100132251
100132252
100132253
100132254
100132255
100132256
100132257
100132258
100132259
100132260
100132261
100132262
100132263
100132264
100132265
100132266
100132267
100132268
100132269
100132270
100132271
100132272
100132273
100132274
100132275
100132276
100132277
100132278
100132279
100132280
100132281
100132282
100132283
100132284
100132285
100132286
100132287
100132288
100132289
100132290
100132291
100132292
100132293
100132294
100132295
100132296
100132297
100132298
100132299
100132300
100132301
100132302
100132303
100132304
100132305
100132306
100132307
100132308
100132309
100132310
100132311
100132312
100132313
100132314
100132315
100132316
100132317
100132318
100132319
100132320
100132321
100132322
100132323
100132324
100132325
100132326
100132327
100132328
100132329
100132330
100132331
100132332
100132333
100132334
100132335
100132336
100132337
100132338
100132339
100132340
100132341
100132342
100132343
100132344
100132345
100132346
100132347
100132348
100132349
100132350
100132351
100132352
100132353
100132354
100132355
100132356
100132357
100132358
100132359
100132360
100132361
100132362
100132363
100132364
100132365
100132366
100132367
100132368
100132369
100132370
100132371
100132372
100132373
100132374
100132375
100132376
100132377
100132378
100132379
100132380
100132381
100132382
100132383
100132384
100132385
100132386
100132387
100132388
100132389
100132390
100132391
100132392
100132393
100132394
100132395
100132396
100132397
100132398
100132399
100132400
100132401
100132402
100132403
100132404
100132405
100132406
100132407
100132408
100132409
100132410
100132411
100132412
100132413
100132414
100132415
100132416
100132417
100132418
100132419
100132420
100132421
100132422
100132423
100132424
100132425
100132426
100132427
100132428
100132429
100132430
100132431
100132432
100132433
100132434
100132435
100132436
100132437
100132438
100132439
100132440
100132441
100132442
100132443
100132444
100132445
100132446
100132447
100132448
100132449
100132450
100132451
100132452
100132453
100132454
100132455
100132456
100132457
100132458
100132459
100132460
100132461
100132462
100132463
100132464
100132465
100132466
100132467
100132468
100132469
100132470
100132471
100132472
100132473
100132474
100132475
100132476
100132477
100132478
100132479
100132480
100132481
100132482
100132483
100132484
100132485
100132486
100132487
100132488
100132489
100132490
100132491
100132492
100132493
100132494
100132495
100132496
100132497
100132498
100132499
100132500
100132501
100132502
100132503
100132504
100132505
100132506
100132507
100132508
100132509
100132510
100132511
100132512
100132513
100132514
100132515
100132516
100132517
100132518
100132519
100132520
100132521
100132522
100132523
100132524
100132525
100132526
100132527
100132528
100132529
100132530
100132531
100132532
100132533
100132534
100132535
100132536
100132537
100132538
100132539
100132540
100132541
100132542
100132543
100132544
100132545
100132546
100132547
100132548
100132549
100132550
100132551
100132552
100132553
100132554
100132555
100132556
100132557
100132558
100132559
100132560
100132561
100132562
100132563
100132564
100132565
100132566
100132567
100132568
100132569
100132570
100132571
100132572
100132573
100132574
100132575
100132576
100132577
100132578
100132579
100132580
100132581
100132582
100132583
100132584
100132585
100132586
100132587
100132588
100132589
100132590
100132591
100132592
100132593
100132594
100132595
100132596
100132597
100132598
100132599
100132600
100132601
100132602
100132603
100132604
100132605
100132606
100132607
100132608
100132609
100132610
100132611
100132612
100132613
100132614
100132615
100132616
100132617
100132618
100132619
100132620
100132621
100132622
100132623
100132624
100132625
100132626
100132627
100132628
100132629
100132630
100132631
100132632
100132633
100132634
100132635
100132636
100132637
100132638
100132639
100132640
100132641
100132642
100132643
100132644
100132645
100132646
100132647
100132648
100132649
100132650
100132651
100132652
100132653
100132654
100132655
100132656
100132657
100132658
100132659
100132660
100132661
100132662
100132663
100132664
100132665
100132666
100132667
100132668
100132669
100132670
100132671
100132672
100132673
100132674
100132675
100132676
100132677
100132678
100132679
100132680
100132681
100132682
100132683
100132684
100132685
100132686
100132687
100132688
100132689
100132690
100132691
100132692
100132693
100132694
100132695
100132696
100132697
100132698
100132699
100132700
100132701
100132702
100132703
100132704
100132705
100132706
100132707
100132708
100132709
100132710
100132711
100132712
100132713
100132714
100132715
100132716
100132717
100132718
100132719
100132720
100132721
100132722
100132723
100132724
100132725
100132726
100132727
100132728
100132729
100132730
100132731
100132732
100132733
100132734
100132735
100132736
100132737
100132738
100132739
100132740
100132741
100132742
100132743
100132744
100132745
100132746
100132747
100132748
100132749
100132750
100132751
100132752
100132753
100132754
100132755
100132756
100132757
100132758
100132759
100132760
100132761
100132762
100132763
100132764
100132765
100132766
100132767
100132768
100132769
100132770
100132771
100132772
100132773
100132774
100132775
100132776
100132777
100132778
100132779
100132780
100132781
100132782
100132783
100132784
100132785
100132786
100132787
100132788
100132789
100132790
100132791
100132792
100132793
100132794
100132795
100132796
100132797
100132798
100132799
100132800
100132801
100132802
100132803
100132804
100132805
100132806
100132807
100132808
100132809
100132810
100132811
100132812
100132813
100132814
100132815
100132816
100132817
100132818
100132819
100132820
100132821
100132822
100132823
100132824
100132825
100132826
100132827
100132828
100132829
100132830
100132831
100132832
100132833
100132834
100132835
100132836
100132837
100132838
100132839
100132840
100132841
100132842
100132843
100132844
100132845
100132846
100132847
100132848
100132849
100132850
100132851
100132852
100132853
100132854
100132855
100132856
100132857
100132858
100132859
100132860
100132861
100132862
100132863
100132864
100132865
100132866
100132867
100132868
100132869
100132870
100132871
100132872
100132873
100132874
100132875
100132876
100132877
100132878
100132879
100132880
100132881
100132882
100132883
100132884
100132885
100132886
100132887
100132888
100132889
100132890
100132891
100132892
100132893
100132894
100132895
100132896
100132897
100132898
100132899
100132900
100132901
100132902
100132903
100132904
100132905
100132906
100132907
100132908
100132909
100132910
100132911
100132912
100132913
100132914
100132915
100132916
100132917
100132918
100132919
100132920
100132921
100132922
100132923
100132924
100132925
100132926
100132927
100132928
100132929
100132930
100132931
100132932
100132933
100132934
100132935
100132936
100132937
100132938
100132939
100132940
100132941
100132942
100132943
100132944
100132945
100132946
100132947
100132948
100132949
100132950
100132951
100132952
100132953
100132954
100132955
100132956
100132957
100132958
100132959
100132960
100132961
100132962
100132963
100132964
100132965
100132966
100132967
100132968
100132969
100132970
100132971
100132972
100132973
100132974
100132975
100132976
100132977
100132978
100132979
100132980
100132981
100132982
100132983
100132984
100132985
100132986
100132987
100132988
100132989
100132990
100132991
100132992
100132993
100132994
100132995
100132996
100132997
100132998
100132999
100133000
100133001
100133002
100133003
100133004
100133005
100133006
100133007
100133008
100133009
100133010
100133011
100133012
100133013
100133014
100133015
100133016
100133017
100133018
100133019
100133020
100133021
100133022
100133023
100133024
100133025
100133026
100133027
100133028
100133029
100133030
100133031
100133032
100133033
100133034
100133035
100133036
100133037
100133038
100133039
100133040
100133041
100133042
100133043
100133044
100133045
100133046
100133047
100133048
100133049
100133050
100133051
100133052
100133053
100133054
100133055
100133056
100133057
100133058
100133059
100133060
100133061
100133062
100133063
100133064
100133065
100133066
100133067
100133068
100133069
100133070
100133071
100133072
100133073
100133074
100133075
100133076
100133077
100133078
100133079
100133080
100133081
100133082
100133083
100133084
100133085
100133086
100133087
100133088
100133089
100133090
100133091
100133092
100133093
100133094
100133095
100133096
100133097
100133098
100133099
100133100
100133101
100133102
100133103
100133104
100133105
100133106
100133107
100133108
100133109
100133110
100133111
100133112
100133113
100133114
100133115
100133116
100133117
100133118
100133119
100133120
100133121
100133122
100133123
100133124
100133125
100133126
100133127
100133128
100133129
100133130
100133131
100133132
100133133
100133134
100133135
100133136
100133137
100133138
100133139
100133140
100133141
100133142
100133143
100133144
100133145
100133146
100133147
100133148
100133149
100133150
100133151
100133152
100133153
100133154
100133155
100133156
100133157
100133158
100133159
100133160
100133161
100133162
100133163
100133164
100133165
100133166
100133167
100133168
100133169
100133170
100133171
100133172
100133173
100133174
100133175
100133176
100133177
100133178
100133179
100133180
100133181
100133182
100133183
100133184
100133185
100133186
100133187
100133188
100133189
100133190
100133191
100133192
100133193
100133194
100133195
100133196
100133197
100133198
100133199
100133200
100133201
100133202
100133203
100133204
100133205
100133206
100133207
100133208
100133209
100133210
100133211
100133212
100133213
100133214
100133215
100133216
100133217
100133218
100133219
100133220
100133221
100133222
100133223
100133224
100133225
100133226
100133227
100133228
100133229
100133230
100133231
100133232
100133233
100133234
100133235
100133236
100133237
100133238
100133239
100133240
100133241
100133242
100133243
100133244
100133245
100133246
100133247
100133248
100133249
100133250
100133251
100133252
100133253
100133254
100133255
100133256
100133257
100133258
100133259
100133260
100133261
100133262
100133263
100133264
100133265
100133266
100133267
100133268
100133269
100133270
100133271
100133272
100133273
100133274
100133275
100133276
100133277
100133278
100133279
100133280
100133281
100133282
100133283
100133284
100133285
100133286
100133287
100133288
100133289
100133290
100133291
100133292
100133293
100133294
100133295
100133296
100133297
100133298
100133299
100133300
100133301
100133302
100133303
100133304
100133305
100133306
100133307
100133308
100133309
100133310
100133311
100133312
100133313
100133314
100133315
100133316
100133317
100133318
100133319
100133320
100133321
100133322
100133323
100133324
100133325
100133326
100133327
100133328
100133329
100133330
100133331
100133332
100133333
100133334
100133335
100133336
100133337
100133338
100133339
100133340
100133341
100133342
100133343
100133344
100133345
100133346
100133347
100133348
100133349
100133350
100133351
100133352
100133353
100133354
100133355
100133356
100133357
100133358
100133359
100133360
100133361
100133362
100133363
100133364
100133365
100133366
100133367
100133368
100133369
100133370
100133371
100133372
100133373
100133374
100133375
100133376
100133377
100133378
100133379
100133380
100133381
100133382
100133383
100133384
100133385
100133386
100133387
100133388
100133389
100133390
100133391
100133392
100133393
100133394
100133395
100133396
100133397
100133398
100133399
100133400
100133401
100133402
100133403
100133404
100133405
100133406
100133407
100133408
100133409
100133410
100133411
100133412
100133413
100133414
100133415
100133416
100133417
100133418
100133419
100133420
100133421
100133422
100133423
100133424
100133425
100133426
100133427
100133428
100133429
100133430
100133431
100133432
100133433
100133434
100133435
100133436
100133437
100133438
100133439
100133440
100133441
100133442
100133443
100133444
100133445
100133446
100133447
100133448
100133449
100133450
100133451
100133452
100133453
100133454
100133455
100133456
100133457
100133458
100133459
100133460
100133461
100133462
100133463
100133464
100133465
100133466
100133467
100133468
100133469
100133470
100133471
100133472
100133473
100133474
100133475
100133476
100133477
100133478
100133479
100133480
100133481
100133482
100133483
100133484
100133485
100133486
100133487
100133488
100133489
100133490
100133491
100133492
100133493
100133494
100133495
100133496
100133497
100133498
100133499
100133500
100133501
100133502
100133503
100133504
100133505
100133506
100133507
100133508
100133509
100133510
100133511
100133512
100133513
100133514
100133515
100133516
100133517
100133518
100133519
100133520
100133521
100133522
100133523
100133524
100133525
100133526
100133527
100133528
100133529
100133530
100133531
100133532
100133533
100133534
100133535
100133536
100133537
100133538
100133539
100133540
100133541
100133542
100133543
100133544
100133545
100133546
100133547
100133548
100133549
100133550
100133551
100133552
100133553
100133554
100133555
100133556
100133557
100133558
100133559
100133560
100133561
100133562
100133563
100133564
100133565
100133566
100133567
100133568
100133569
100133570
100133571
100133572
100133573
100133574
100133575
100133576
100133577
100133578
100133579
100133580
100133581
100133582
100133583
100133584
100133585
100133586
100133587
100133588
100133589
100133590
100133591
100133592
100133593
100133594
100133595
100133596
100133597
100133598
100133599
100133600
100133601
100133602
100133603
100133604
100133605
100133606
100133607
100133608
100133609
100133610
100133611
100133612
100133613
100133614
100133615
100133616
100133617
100133618
100133619
100133620
100133621
100133622
100133623
100133624
100133625
100133626
100133627
100133628
100133629
100133630
100133631
100133632
100133633
100133634
100133635
100133636
100133637
100133638
100133639
100133640
100133641
100133642
100133643
100133644
100133645
100133646
100133647
100133648
100133649
100133650
100133651
100133652
100133653
100133654
100133655
100133656
100133657
100133658
100133659
100133660
100133661
100133662
100133663
100133664
100133665
100133666
100133667
100133668
100133669
100133670
100133671
100133672
100133673
100133674
100133675
100133676
100133677
100133678
100133679
100133680
100133681
100133682
100133683
100133684
100133685
100133686
100133687
100133688
100133689
100133690
100133691
100133692
100133693
100133694
100133695
100133696
100133697
100133698
100133699
100133700
100133701
100133702
100133703
100133704
100133705
100133706
100133707
100133708
100133709
100133710
100133711
100133712
100133713
100133714
100133715
100133716
100133717
100133718
100133719
100133720
100133721
100133722
100133723
100133724
100133725
100133726
100133727
100133728
100133729
100133730
100133731
100133732
100133733
100133734
100133735
100133736
100133737
100133738
100133739
100133740
100133741
100133742
100133743
100133744
100133745
100133746
100133747
100133748
100133749
100133750
100133751
100133752
100133753
100133754
100133755
100133756
100133757
100133758
100133759
100133760
100133761
100133762
100133763
100133764
100133765
100133766
100133767
100133768
100133769
100133770
100133771
100133772
100133773
100133774
100133775
100133776
100133777
100133778
100133779
100133780
100133781
100133782
100133783
100133784
100133785
100133786
100133787
100133788
100133789
100133790
100133791
100133792
100133793
100133794
100133795
100133796
100133797
100133798
100133799
100133800
100133801
100133802
100133803
100133804
100133805
100133806
100133807
100133808
100133809
100133810
100133811
100133812
100133813
100133814
100133815
100133816
100133817
100133818
100133819
100133820
100133821
100133822
100133823
100133824
100133825
100133826
100133827
100133828
100133829
100133830
100133831
100133832
100133833
100133834
100133835
100133836
100133837
100133838
100133839
100133840
100133841
100133842
100133843
100133844
100133845
100133846
100133847
100133848
100133849
100133850
100133851
100133852
100133853
100133854
100133855
100133856
100133857
100133858
100133859
100133860
100133861
100133862
100133863
100133864
100133865
100133866
100133867
100133868
100133869
100133870
100133871
100133872
100133873
100133874
100133875
100133876
100133877
100133878
100133879
100133880
100133881
100133882
100133883
100133884
100133885
100133886
100133887
100133888
100133889
100133890
100133891
100133892
100133893
100133894
100133895
100133896
100133897
100133898
100133899
100133900
100133901
100133902
100133903
100133904
100133905
100133906
100133907
100133908
100133909
100133910
100133911
100133912
100133913
100133914
100133915
100133916
100133917
100133918
100133919
100133920
100133921
100133922
100133923
100133924
100133925
100133926
100133927
100133928
100133929
100133930
100133931
100133932
100133933
100133934
100133935
100133936
100133937
100133938
100133939
100133940
100133941
100133942
100133943
100133944
100133945
100133946
100133947
100133948
100133949
100133950
100133951
100133952
100133953
100133954
100133955
100133956
100133957
100133958
100133959
100133960
100133961
100133962
100133963
100133964
100133965
100133966
100133967
100133968
100133969
100133970
100133971
100133972
100133973
100133974
100133975
100133976
100133977
100133978
100133979
100133980
100133981
100133982
100133983
100133984
100133985
100133986
100133987
100133988
100133989
100133990
100133991
100133992
100133993
100133994
100133995
100133996
100133997
100133998
100133999
100134000
100134001
100134002
100134003
100134004
100134005
100134006
100134007
100134008
100134009
100134010
100134011
100134012
100134013
100134014
100134015
100134016
100134017
100134018
100134019
100134020
100134021
100134022
100134023
100134024
100134025
100134026
100134027
100134028
100134029
100134030
100134031
100134032
100134033
100134034
100134035
100134036
100134037
100134038
100134039
100134040
100134041
100134042
100134043
100134044
100134045
100134046
100134047
100134048
100134049
100134050
100134051
100134052
100134053
100134054
100134055
100134056
100134057
100134058
100134059
100134060
100134061
100134062
100134063
100134064
100134065
100134066
100134067
100134068
100134069
100134070
100134071
100134072
100134073
100134074
100134075
100134076
100134077
100134078
100134079
100134080
100134081
100134082
100134083
100134084
100134085
100134086
100134087
100134088
100134089
100134090
100134091
100134092
100134093
100134094
100134095
100134096
100134097
100134098
100134099
100134100
100134101
100134102
100134103
100134104
100134105
100134106
100134107
100134108
100134109
100134110
100134111
100134112
100134113
100134114
100134115
100134116
100134117
100134118
100134119
100134120
100134121
100134122
100134123
100134124
100134125
100134126
100134127
100134128
100134129
100134130
100134131
100134132
100134133
100134134
100134135
100134136
100134137
100134138
100134139
100134140
100134141
100134142
100134143
100134144
100134145
100134146
100134147
100134148
100134149
100134150
100134151
100134152
100134153
100134154
100134155
100134156
100134157
100134158
100134159
100134160
100134161
100134162
100134163
100134164
100134165
100134166
100134167
100134168
100134169
100134170
100134171
100134172
100134173
100134174
100134175
100134176
100134177
100134178
100134179
100134180
100134181
100134182
100134183
100134184
100134185
100134186
100134187
100134188
100134189
100134190
100134191
100134192
100134193
100134194
100134195
100134196
100134197
100134198
100134199
100134200
100134201
100134202
100134203
100134204
100134205
100134206
100134207
100134208
100134209
100134210
100134211
100134212
100134213
100134214
100134215
100134216
100134217
100134218
100134219
100134220
100134221
100134222
100134223
100134224
100134225
100134226
100134227
100134228
100134229
100134230
100134231
100134232
100134233
100134234
100134235
100134236
100134237
100134238
100134239
100134240
100134241
100134242
100134243
100134244
100134245
100134246
100134247
100134248
100134249
100134250
100134251
100134252
100134253
100134254
100134255
100134256
100134257
100134258
100134259
100134260
100134261
100134262
100134263
100134264
100134265
100134266
100134267
100134268
100134269
100134270
100134271
100134272
100134273
100134274
100134275
100134276
100134277
100134278
100134279
100134280
100134281
100134282
100134283
100134284
100134285
100134286
100134287
100134288
100134289
100134290
100134291
100134292
100134293
100134294
100134295
100134296
100134297
100134298
100134299
100134300
100134301
100134302
100134303
100134304
100134305
100134306
100134307
100134308
100134309
100134310
100134311
100134312
100134313
100134314
100134315
100134316
100134317
100134318
100134319
100134320
100134321
100134322
100134323
100134324
100134325
100134326
100134327
100134328
100134329
100134330
100134331
100134332
100134333
100134334
100134335
100134336
100134337
100134338
100134339
100134340
100134341
100134342
100134343
100134344
100134345
100134346
100134347
100134348
100134349
100134350
100134351
100134352
100134353
100134354
100134355
100134356
100134357
100134358
100134359
100134360
100134361
100134362
100134363
100134364
100134365
100134366
100134367
100134368
100134369
100134370
100134371
100134372
100134373
100134374
100134375
100134376
100134377
100134378
100134379
100134380
100134381
100134382
100134383
100134384
100134385
100134386
100134387
100134388
100134389
100134390
100134391
100134392
100134393
100134394
100134395
100134396
100134397
100134398
100134399
100134400
100134401
100134402
100134403
100134404
100134405
100134406
100134407
100134408
100134409
100134410
100134411
100134412
100134413
100134414
100134415
100134416
100134417
100134418
100134419
100134420
100134421
100134422
100134423
100134424
100134425
100134426
100134427
100134428
100134429
100134430
100134431
100134432
100134433
100134434
100134435
100134436
100134437
100134438
100134439
100134440
100134441
100134442
100134443
100134444
100134445
100134446
100134447
100134448
100134449
100134450
100134451
100134452
100134453
100134454
100134455
100134456
100134457
100134458
100134459
100134460
100134461
100134462
100134463
100134464
100134465
100134466
100134467
100134468
100134469
100134470
100134471
100134472
100134473
100134474
100134475
100134476
100134477
100134478
100134479
100134480
100134481
100134482
100134483
100134484
100134485
100134486
100134487
100134488
100134489
100134490
100134491
100134492
100134493
100134494
100134495
100134496
100134497
100134498
100134499
100134500
100134501
100134502
100134503
100134504
100134505
100134506
100134507
100134508
100134509
100134510
100134511
100134512
100134513
100134514
100134515
100134516
100134517
100134518
100134519
100134520
100134521
100134522
100134523
100134524
100134525
100134526
100134527
100134528
100134529
100134530
100134531
100134532
100134533
100134534
100134535
100134536
100134537
100134538
100134539
100134540
100134541
100134542
100134543
100134544
100134545
100134546
100134547
100134548
100134549
100134550
100134551
100134552
100134553
100134554
100134555
100134556
100134557
100134558
100134559
100134560
100134561
100134562
100134563
100134564
100134565
100134566
100134567
100134568
100134569
100134570
100134571
100134572
100134573
100134574
100134575
100134576
100134577
100134578
100134579
100134580
100134581
100134582
100134583
100134584
100134585
100134586
100134587
100134588
100134589
100134590
100134591
100134592
100134593
100134594
100134595
100134596
100134597
100134598
100134599
100134600
100134601
100134602
100134603
100134604
100134605
100134606
100134607
100134608
100134609
100134610
100134611
100134612
100134613
100134614
100134615
100134616
100134617
100134618
100134619
100134620
100134621
100134622
100134623
100134624
100134625
100134626
100134627
100134628
100134629
100134630
100134631
100134632
100134633
100134634
100134635
100134636
100134637
100134638
100134639
100134640
100134641
100134642
100134643
100134644
100134645
100134646
100134647
100134648
100134649
100134650
100134651
100134652
100134653
100134654
100134655
100134656
100134657
100134658
100134659
100134660
100134661
100134662
100134663
100134664
100134665
100134666
100134667
100134668
100134669
100134670
100134671
100134672
100134673
100134674
100134675
100134676
100134677
100134678
100134679
100134680
100134681
100134682
100134683
100134684
100134685
100134686
100134687
100134688
100134689
100134690
100134691
100134692
100134693
100134694
100134695
100134696
100134697
100134698
100134699
100134700
100134701
100134702
100134703
100134704
100134705
100134706
100134707
100134708
100134709
100134710
100134711
100134712
100134713
100134714
100134715
100134716
100134717
100134718
100134719
100134720
100134721
100134722
100134723
100134724
100134725
100134726
100134727
100134728
100134729
100134730
100134731
100134732
100134733
100134734
100134735
100134736
100134737
100134738
100134739
100134740
100134741
100134742
100134743
100134744
100134745
100134746
100134747
100134748
100134749
100134750
100134751
100134752
100134753
100134754
100134755
100134756
100134757
100134758
100134759
100134760
100134761
100134762
100134763
100134764
100134765
100134766
100134767
100134768
100134769
100134770
100134771
100134772
100134773
100134774
100134775
100134776
100134777
100134778
100134779
100134780
100134781
100134782
100134783
100134784
100134785
100134786
100134787
100134788
100134789
100134790
100134791
100134792
100134793
100134794
100134795
100134796
100134797
100134798
100134799
100134800
100134801
100134802
100134803
100134804
100134805
100134806
100134807
100134808
100134809
100134810
100134811
100134812
100134813
100134814
100134815
100134816
100134817
100134818
100134819
100134820
100134821
100134822
100134823
100134824
100134825
100134826
100134827
100134828
100134829
100134830
100134831
100134832
100134833
100134834
100134835
100134836
100134837
100134838
100134839
100134840
100134841
100134842
100134843
100134844
100134845
100134846
100134847
100134848
100134849
100134850
100134851
100134852
100134853
100134854
100134855
100134856
100134857
100134858
100134859
100134860
100134861
100134862
100134863
100134864
100134865
100134866
100134867
100134868
100134869
100134870
100134871
100134872
100134873
100134874
100134875
100134876
100134877
100134878
100134879
100134880
100134881
100134882
100134883
100134884
100134885
100134886
100134887
100134888
100134889
100134890
100134891
100134892
100134893
100134894
100134895
100134896
100134897
100134898
100134899
100134900
100134901
100134902
100134903
100134904
100134905
100134906
100134907
100134908
100134909
100134910
100134911
100134912
100134913
100134914
100134915
100134916
100134917
100134918
100134919
100134920
100134921
100134922
100134923
100134924
100134925
100134926
100134927
100134928
100134929
100134930
100134931
100134932
100134933
100134934
100134935
100134936
100134937
100134938
100134939
100134940
100134941
100134942
100134943
100134944
100134945
100134946
100134947
100134948
100134949
100134950
100134951
100134952
100134953
100134954
100134955
100134956
100134957
100134958
100134959
100134960
100134961
100134962
100134963
100134964
100134965
100134966
100134967
100134968
100134969
100134970
100134971
100134972
100134973
100134974
100134975
100134976
100134977
100134978
100134979
100134980
100134981
100134982
100134983
100134984
100134985
100134986
100134987
100134988
100134989
100134990
100134991
100134992
100134993
100134994
100134995
100134996
100134997
100134998
100134999
100135000
100135001
100135002
100135003
100135004
100135005
100135006
100135007
100135008
100135009
100135010
100135011
100135012
100135013
100135014
100135015
100135016
100135017
100135018
100135019
100135020
100135021
100135022
100135023
100135024
100135025
100135026
100135027
100135028
100135029
100135030
100135031
100135032
100135033
100135034
100135035
100135036
100135037
100135038
100135039
100135040
100135041
100135042
100135043
100135044
100135045
100135046
100135047
100135048
100135049
100135050
100135051
100135052
100135053
100135054
100135055
100135056
100135057
100135058
100135059
100135060
100135061
100135062
100135063
100135064
100135065
100135066
100135067
100135068
100135069
100135070
100135071
100135072
100135073
100135074
100135075
100135076
100135077
100135078
100135079
100135080
100135081
100135082
100135083
100135084
100135085
100135086
100135087
100135088
100135089
100135090
100135091
100135092
100135093
100135094
100135095
100135096
100135097
100135098
100135099
100135100
100135101
100135102
100135103
100135104
100135105
100135106
100135107
100135108
100135109
100135110
100135111
100135112
100135113
100135114
100135115
100135116
100135117
100135118
100135119
100135120
100135121
100135122
100135123
100135124
100135125
100135126
100135127
100135128
100135129
100135130
100135131
100135132
100135133
100135134
100135135
100135136
100135137
100135138
100135139
100135140
100135141
100135142
100135143
100135144
100135145
100135146
100135147
100135148
100135149
100135150
100135151
100135152
100135153
100135154
100135155
100135156
100135157
100135158
100135159
100135160
100135161
100135162
100135163
100135164
100135165
100135166
100135167
100135168
100135169
100135170
100135171
100135172
100135173
100135174
100135175
100135176
100135177
100135178
100135179
100135180
100135181
100135182
100135183
100135184
100135185
100135186
100135187
100135188
100135189
100135190
100135191
100135192
100135193
100135194
100135195
100135196
100135197
100135198
100135199
100135200
100135201
100135202
100135203
100135204
100135205
100135206
100135207
100135208
100135209
100135210
100135211
100135212
100135213
100135214
100135215
100135216
100135217
100135218
100135219
100135220
100135221
100135222
100135223
100135224
100135225
100135226
100135227
100135228
100135229
100135230
100135231
100135232
100135233
100135234
100135235
100135236
100135237
100135238
100135239
100135240
100135241
100135242
100135243
100135244
100135245
100135246
100135247
100135248
100135249
100135250
100135251
100135252
100135253
100135254
100135255
100135256
100135257
100135258
100135259
100135260
100135261
100135262
100135263
100135264
100135265
100135266
100135267
100135268
100135269
100135270
100135271
100135272
100135273
100135274
100135275
100135276
100135277
100135278
100135279
100135280
100135281
100135282
100135283
100135284
100135285
100135286
100135287
100135288
100135289
100135290
100135291
100135292
100135293
100135294
100135295
100135296
100135297
100135298
100135299
100135300
100135301
100135302
100135303
100135304
100135305
100135306
100135307
100135308
100135309
100135310
100135311
100135312
100135313
100135314
100135315
100135316
100135317
100135318
100135319
100135320
100135321
100135322
100135323
100135324
100135325
100135326
100135327
100135328
100135329
100135330
100135331
100135332
100135333
100135334
100135335
100135336
100135337
100135338
100135339
100135340
100135341
100135342
100135343
100135344
100135345
100135346
100135347
100135348
100135349
100135350
100135351
100135352
100135353
100135354
100135355
100135356
100135357
100135358
100135359
100135360
100135361
100135362
100135363
100135364
100135365
100135366
100135367
100135368
100135369
100135370
100135371
100135372
100135373
100135374
100135375
100135376
100135377
100135378
100135379
100135380
100135381
100135382
100135383
100135384
100135385
100135386
100135387
100135388
100135389
100135390
100135391
100135392
100135393
100135394
100135395
100135396
100135397
100135398
100135399
100135400
100135401
100135402
100135403
100135404
100135405
100135406
100135407
100135408
100135409
100135410
100135411
100135412
100135413
100135414
100135415
100135416
100135417
100135418
100135419
100135420
100135421
100135422
100135423
100135424
100135425
100135426
100135427
100135428
100135429
100135430
100135431
100135432
100135433
100135434
100135435
100135436
100135437
100135438
100135439
100135440
100135441
100135442
100135443
100135444
100135445
100135446
100135447
100135448
100135449
100135450
100135451
100135452
100135453
100135454
100135455
100135456
100135457
100135458
100135459
100135460
100135461
100135462
100135463
100135464
100135465
100135466
100135467
100135468
100135469
100135470
100135471
100135472
100135473
100135474
100135475
100135476
100135477
100135478
100135479
100135480
100135481
100135482
100135483
100135484
100135485
100135486
100135487
100135488
100135489
100135490
100135491
100135492
100135493
100135494
100135495
100135496
100135497
100135498
100135499
100135500
100135501
100135502
100135503
100135504
100135505
100135506
100135507
100135508
100135509
100135510
100135511
100135512
100135513
100135514
100135515
100135516
100135517
100135518
100135519
100135520
100135521
100135522
100135523
100135524
100135525
100135526
100135527
100135528
100135529
100135530
100135531
100135532
100135533
100135534
100135535
100135536
100135537
100135538
100135539
100135540
100135541
100135542
100135543
100135544
100135545
100135546
100135547
100135548
100135549
100135550
100135551
100135552
100135553
100135554
100135555
100135556
100135557
100135558
100135559
100135560
100135561
100135562
100135563
100135564
100135565
100135566
100135567
100135568
100135569
100135570
100135571
100135572
100135573
100135574
100135575
100135576
100135577
100135578
100135579
100135580
100135581
100135582
100135583
100135584
100135585
100135586
100135587
100135588
100135589
100135590
100135591
100135592
100135593
100135594
100135595
100135596
100135597
100135598
100135599
100135600
100135601
100135602
100135603
100135604
100135605
100135606
100135607
100135608
100135609
100135610
100135611
100135612
100135613
100135614
100135615
100135616
100135617
100135618
100135619
100135620
100135621
100135622
100135623
100135624
100135625
100135626
100135627
100135628
100135629
100135630
100135631
100135632
100135633
100135634
100135635
100135636
100135637
100135638
100135639
100135640
100135641
100135642
100135643
100135644
100135645
100135646
100135647
100135648
100135649
100135650
100135651
100135652
100135653
100135654
100135655
100135656
100135657
100135658
100135659
100135660
100135661
100135662
100135663
100135664
100135665
100135666
100135667
100135668
100135669
100135670
100135671
100135672
100135673
100135674
100135675
100135676
100135677
100135678
100135679
100135680
100135681
100135682
100135683
100135684
100135685
100135686
100135687
100135688
100135689
100135690
100135691
100135692
100135693
100135694
100135695
100135696
100135697
100135698
100135699
100135700
100135701
100135702
100135703
100135704
100135705
100135706
100135707
100135708
100135709
100135710
100135711
100135712
100135713
100135714
100135715
100135716
100135717
100135718
100135719
100135720
100135721
100135722
100135723
100135724
100135725
100135726
100135727
100135728
100135729
100135730
100135731
100135732
100135733
100135734
100135735
100135736
100135737
100135738
100135739
100135740
100135741
100135742
100135743
100135744
100135745
100135746
100135747
100135748
100135749
100135750
100135751
100135752
100135753
100135754
100135755
100135756
100135757
100135758
100135759
100135760
100135761
100135762
100135763
100135764
100135765
100135766
100135767
100135768
100135769
100135770
100135771
100135772
100135773
100135774
100135775
100135776
100135777
100135778
100135779
100135780
100135781
100135782
100135783
100135784
100135785
100135786
100135787
100135788
100135789
100135790
100135791
100135792
100135793
100135794
100135795
100135796
100135797
100135798
100135799
100135800
100135801
100135802
100135803
100135804
100135805
100135806
100135807
100135808
100135809
100135810
100135811
100135812
100135813
100135814
100135815
100135816
100135817
100135818
100135819
100135820
100135821
100135822
100135823
100135824
100135825
100135826
100135827
100135828
100135829
100135830
100135831
100135832
100135833
100135834
100135835
100135836
100135837
100135838
100135839
100135840
100135841
100135842
100135843
100135844
100135845
100135846
100135847
100135848
100135849
100135850
100135851
100135852
100135853
100135854
100135855
100135856
100135857
100135858
100135859
100135860
100135861
100135862
100135863
100135864
100135865
100135866
100135867
100135868
100135869
100135870
100135871
100135872
100135873
100135874
100135875
100135876
100135877
100135878
100135879
100135880
100135881
100135882
100135883
100135884
100135885
100135886
100135887
100135888
100135889
100135890
100135891
100135892
100135893
100135894
100135895
100135896
100135897
100135898
100135899
100135900
100135901
100135902
100135903
100135904
100135905
100135906
100135907
100135908
100135909
100135910
100135911
100135912
100135913
100135914
100135915
100135916
100135917
100135918
100135919
100135920
100135921
100135922
100135923
100135924
100135925
100135926
100135927
100135928
100135929
100135930
100135931
100135932
100135933
100135934
100135935
100135936
100135937
100135938
100135939
100135940
100135941
100135942
100135943
100135944
100135945
100135946
100135947
100135948
100135949
100135950
100135951
100135952
100135953
100135954
100135955
100135956
100135957
100135958
100135959
100135960
100135961
100135962
100135963
100135964
100135965
100135966
100135967
100135968
100135969
100135970
100135971
100135972
100135973
100135974
100135975
100135976
100135977
100135978
100135979
100135980
100135981
100135982
100135983
100135984
100135985
100135986
100135987
100135988
100135989
100135990
100135991
100135992
100135993
100135994
100135995
100135996
100135997
100135998
100135999
100136000
100136001
100136002
100136003
100136004
100136005
100136006
100136007
100136008
100136009
100136010
100136011
100136012
100136013
100136014
100136015
100136016
100136017
100136018
100136019
100136020
100136021
100136022
100136023
100136024
100136025
100136026
100136027
100136028
100136029
100136030
100136031
100136032
100136033
100136034
100136035
100136036
100136037
100136038
100136039
100136040
100136041
100136042
100136043
100136044
100136045
100136046
100136047
100136048
100136049
100136050
100136051
100136052
100136053
100136054
100136055
100136056
100136057
100136058
100136059
100136060
100136061
100136062
100136063
100136064
100136065
100136066
100136067
100136068
100136069
100136070
100136071
100136072
100136073
100136074
100136075
100136076
100136077
100136078
100136079
100136080
100136081
100136082
100136083
100136084
100136085
100136086
100136087
100136088
100136089
100136090
100136091
100136092
100136093
100136094
100136095
100136096
100136097
100136098
100136099
100136100
100136101
100136102
100136103
100136104
100136105
100136106
100136107
100136108
100136109
100136110
100136111
100136112
100136113
100136114
100136115
100136116
100136117
100136118
100136119
100136120
100136121
100136122
100136123
100136124
100136125
100136126
100136127
100136128
100136129
100136130
100136131
100136132
100136133
100136134
100136135
100136136
100136137
100136138
100136139
100136140
100136141
100136142
100136143
100136144
100136145
100136146
100136147
100136148
100136149
100136150
100136151
100136152
100136153
100136154
100136155
100136156
100136157
100136158
100136159
100136160
100136161
100136162
100136163
100136164
100136165
100136166
100136167
100136168
100136169
100136170
100136171
100136172
100136173
100136174
100136175
100136176
100136177
100136178
100136179
100136180
100136181
100136182
100136183
100136184
100136185
100136186
100136187
100136188
100136189
100136190
100136191
100136192
100136193
100136194
100136195
100136196
100136197
100136198
100136199
100136200
100136201
100136202
100136203
100136204
100136205
100136206
100136207
100136208
100136209
100136210
100136211
100136212
100136213
100136214
100136215
100136216
100136217
100136218
100136219
100136220
100136221
100136222
100136223
100136224
100136225
100136226
100136227
100136228
100136229
100136230
100136231
100136232
100136233
100136234
100136235
100136236
100136237
100136238
100136239
100136240
100136241
100136242
100136243
100136244
100136245
100136246
100136247
100136248
100136249
100136250
100136251
100136252
100136253
100136254
100136255
100136256
100136257
100136258
100136259
100136260
100136261
100136262
100136263
100136264
100136265
100136266
100136267
100136268
100136269
100136270
100136271
100136272
100136273
100136274
100136275
100136276
100136277
100136278
100136279
100136280
100136281
100136282
100136283
100136284
100136285
100136286
100136287
100136288
100136289
100136290
100136291
100136292
100136293
100136294
100136295
100136296
100136297
100136298
100136299
100136300
100136301
100136302
100136303
100136304
100136305
100136306
100136307
100136308
100136309
100136310
100136311
100136312
100136313
100136314
100136315
100136316
100136317
100136318
100136319
100136320
100136321
100136322
100136323
100136324
100136325
100136326
100136327
100136328
100136329
100136330
100136331
100136332
100136333
100136334
100136335
100136336
100136337
100136338
100136339
100136340
100136341
100136342
100136343
100136344
100136345
100136346
100136347
100136348
100136349
100136350
100136351
100136352
100136353
100136354
100136355
100136356
100136357
100136358
100136359
100136360
100136361
100136362
100136363
100136364
100136365
100136366
100136367
100136368
100136369
100136370
100136371
100136372
100136373
100136374
100136375
100136376
100136377
100136378
100136379
100136380
100136381
100136382
100136383
100136384
100136385
100136386
100136387
100136388
100136389
100136390
100136391
100136392
100136393
100136394
100136395
100136396
100136397
100136398
100136399
100136400
100136401
100136402
100136403
100136404
100136405
100136406
100136407
100136408
100136409
100136410
100136411
100136412
100136413
100136414
100136415
100136416
100136417
100136418
100136419
100136420
100136421
100136422
100136423
100136424
100136425
100136426
100136427
100136428
100136429
100136430
100136431
100136432
100136433
100136434
100136435
100136436
100136437
100136438
100136439
100136440
100136441
100136442
100136443
100136444
100136445
100136446
100136447
100136448
100136449
100136450
100136451
100136452
100136453
100136454
100136455
100136456
100136457
100136458
100136459
100136460
100136461
100136462
100136463
100136464
100136465
100136466
100136467
100136468
100136469
100136470
100136471
100136472
100136473
100136474
100136475
100136476
100136477
100136478
100136479
100136480
100136481
100136482
100136483
100136484
100136485
100136486
100136487
100136488
100136489
100136490
100136491
100136492
100136493
100136494
100136495
100136496
100136497
100136498
100136499
100136500
100136501
100136502
100136503
100136504
100136505
100136506
100136507
100136508
100136509
100136510
100136511
100136512
100136513
100136514
100136515
100136516
100136517
100136518
100136519
100136520
100136521
100136522
100136523
100136524
100136525
100136526
100136527
100136528
100136529
100136530
100136531
100136532
100136533
100136534
100136535
100136536
100136537
100136538
100136539
100136540
100136541
100136542
100136543
100136544
100136545
100136546
100136547
100136548
100136549
100136550
100136551
100136552
100136553
100136554
100136555
100136556
100136557
100136558
100136559
100136560
100136561
100136562
100136563
100136564
100136565
100136566
100136567
100136568
100136569
100136570
100136571
100136572
100136573
100136574
100136575
100136576
100136577
100136578
100136579
100136580
100136581
100136582
100136583
100136584
100136585
100136586
100136587
100136588
100136589
100136590
100136591
100136592
100136593
100136594
100136595
100136596
100136597
100136598
100136599
100136600
100136601
100136602
100136603
100136604
100136605
100136606
100136607
100136608
100136609
100136610
100136611
100136612
100136613
100136614
100136615
100136616
100136617
100136618
100136619
100136620
100136621
100136622
100136623
100136624
100136625
100136626
100136627
100136628
100136629
100136630
100136631
100136632
100136633
100136634
100136635
100136636
100136637
100136638
100136639
100136640
100136641
100136642
100136643
100136644
100136645
100136646
100136647
100136648
100136649
100136650
100136651
100136652
100136653
100136654
100136655
100136656
100136657
100136658
100136659
100136660
100136661
100136662
100136663
100136664
100136665
100136666
100136667
100136668
100136669
100136670
100136671
100136672
100136673
100136674
100136675
100136676
100136677
100136678
100136679
100136680
100136681
100136682
100136683
100136684
100136685
100136686
100136687
100136688
100136689
100136690
100136691
100136692
100136693
100136694
100136695
100136696
100136697
100136698
100136699
100136700
100136701
100136702
100136703
100136704
100136705
100136706
100136707
100136708
100136709
100136710
100136711
100136712
100136713
100136714
100136715
100136716
100136717
100136718
100136719
100136720
100136721
100136722
100136723
100136724
100136725
100136726
100136727
100136728
100136729
100136730
100136731
100136732
100136733
100136734
100136735
100136736
100136737
100136738
100136739
100136740
100136741
100136742
100136743
100136744
100136745
100136746
100136747
100136748
100136749
100136750
100136751
100136752
100136753
100136754
100136755
100136756
100136757
100136758
100136759
100136760
100136761
100136762
100136763
100136764
100136765
100136766
100136767
100136768
100136769
100136770
100136771
100136772
100136773
100136774
100136775
100136776
100136777
100136778
100136779
100136780
100136781
100136782
100136783
100136784
100136785
100136786
100136787
100136788
100136789
100136790
100136791
100136792
100136793
100136794
100136795
100136796
100136797
100136798
100136799
100136800
100136801
100136802
100136803
100136804
100136805
100136806
100136807
100136808
100136809
100136810
100136811
100136812
100136813
100136814
100136815
100136816
100136817
100136818
100136819
100136820
100136821
100136822
100136823
100136824
100136825
100136826
100136827
100136828
100136829
100136830
100136831
100136832
100136833
100136834
100136835
100136836
100136837
100136838
100136839
100136840
100136841
100136842
100136843
100136844
100136845
100136846
100136847
100136848
100136849
100136850
100136851
100136852
100136853
100136854
100136855
100136856
100136857
100136858
100136859
100136860
100136861
100136862
100136863
100136864
100136865
100136866
100136867
100136868
100136869
100136870
100136871
100136872
100136873
100136874
100136875
100136876
100136877
100136878
100136879
100136880
100136881
100136882
100136883
100136884
100136885
100136886
100136887
100136888
100136889
100136890
100136891
100136892
100136893
100136894
100136895
100136896
100136897
100136898
100136899
100136900
100136901
100136902
100136903
100136904
100136905
100136906
100136907
100136908
100136909
100136910
100136911
100136912
100136913
100136914
100136915
100136916
100136917
100136918
100136919
100136920
100136921
100136922
100136923
100136924
100136925
100136926
100136927
100136928
100136929
100136930
100136931
100136932
100136933
100136934
100136935
100136936
100136937
100136938
100136939
100136940
100136941
100136942
100136943
100136944
100136945
100136946
100136947
100136948
100136949
100136950
100136951
100136952
100136953
100136954
100136955
100136956
100136957
100136958
100136959
100136960
100136961
100136962
100136963
100136964
100136965
100136966
100136967
100136968
100136969
100136970
100136971
100136972
100136973
100136974
100136975
100136976
100136977
100136978
100136979
100136980
100136981
100136982
100136983
100136984
100136985
100136986
100136987
100136988
100136989
100136990
100136991
100136992
100136993
100136994
100136995
100136996
100136997
100136998
100136999
100137000
100137001
100137002
100137003
100137004
100137005
100137006
100137007
100137008
100137009
100137010
100137011
100137012
100137013
100137014
100137015
100137016
100137017
100137018
100137019
100137020
100137021
100137022
100137023
100137024
100137025
100137026
100137027
100137028
100137029
100137030
100137031
100137032
100137033
100137034
100137035
100137036
100137037
100137038
100137039
100137040
100137041
100137042
100137043
100137044
100137045
100137046
100137047
100137048
100137049
100137050
100137051
100137052
100137053
100137054
100137055
100137056
100137057
100137058
100137059
100137060
100137061
100137062
100137063
100137064
100137065
100137066
100137067
100137068
100137069
100137070
100137071
100137072
100137073
100137074
100137075
100137076
100137077
100137078
100137079
100137080
100137081
100137082
100137083
100137084
100137085
100137086
100137087
100137088
100137089
100137090
100137091
100137092
100137093
100137094
100137095
100137096
100137097
100137098
100137099
100137100
100137101
100137102
100137103
100137104
100137105
100137106
100137107
100137108
100137109
100137110
100137111
100137112
100137113
100137114
100137115
100137116
100137117
100137118
100137119
100137120
100137121
100137122
100137123
100137124
100137125
100137126
100137127
100137128
100137129
100137130
100137131
100137132
100137133
100137134
100137135
100137136
100137137
100137138
100137139
100137140
100137141
100137142
100137143
100137144
100137145
100137146
100137147
100137148
100137149
100137150
100137151
100137152
100137153
100137154
100137155
100137156
100137157
100137158
100137159
100137160
100137161
100137162
100137163
100137164
100137165
100137166
100137167
100137168
100137169
100137170
100137171
100137172
100137173
100137174
100137175
100137176
100137177
100137178
100137179
100137180
100137181
100137182
100137183
100137184
100137185
100137186
100137187
100137188
100137189
100137190
100137191
100137192
100137193
100137194
100137195
100137196
100137197
100137198
100137199
100137200
100137201
100137202
100137203
100137204
100137205
100137206
100137207
100137208
100137209
100137210
100137211
100137212
100137213
100137214
100137215
100137216
100137217
100137218
100137219
100137220
100137221
100137222
100137223
100137224
100137225
100137226
100137227
100137228
100137229
100137230
100137231
100137232
100137233
100137234
100137235
100137236
100137237
100137238
100137239
100137240
100137241
100137242
100137243
100137244
100137245
100137246
100137247
100137248
100137249
100137250
100137251
100137252
100137253
100137254
100137255
100137256
100137257
100137258
100137259
100137260
100137261
100137262
100137263
100137264
100137265
100137266
100137267
100137268
100137269
100137270
100137271
100137272
100137273
100137274
100137275
100137276
100137277
100137278
100137279
100137280
100137281
100137282
100137283
100137284
100137285
100137286
100137287
100137288
100137289
100137290
100137291
100137292
100137293
100137294
100137295
100137296
100137297
100137298
100137299
100137300
100137301
100137302
100137303
100137304
100137305
100137306
100137307
100137308
100137309
100137310
100137311
100137312
100137313
100137314
100137315
100137316
100137317
100137318
100137319
100137320
100137321
100137322
100137323
100137324
100137325
100137326
100137327
100137328
100137329
100137330
100137331
100137332
100137333
100137334
100137335
100137336
100137337
100137338
100137339
100137340
100137341
100137342
100137343
100137344
100137345
100137346
100137347
100137348
100137349
100137350
100137351
100137352
100137353
100137354
100137355
100137356
100137357
100137358
100137359
100137360
100137361
100137362
100137363
100137364
100137365
100137366
100137367
100137368
100137369
100137370
100137371
100137372
100137373
100137374
100137375
100137376
100137377
100137378
100137379
100137380
100137381
100137382
100137383
100137384
100137385
100137386
100137387
100137388
100137389
100137390
100137391
100137392
100137393
100137394
100137395
100137396
100137397
100137398
100137399
100137400
100137401
100137402
100137403
100137404
100137405
100137406
100137407
100137408
100137409
100137410
100137411
100137412
100137413
100137414
100137415
100137416
100137417
100137418
100137419
100137420
100137421
100137422
100137423
100137424
100137425
100137426
100137427
100137428
100137429
100137430
100137431
100137432
100137433
100137434
100137435
100137436
100137437
100137438
100137439
100137440
100137441
100137442
100137443
100137444
100137445
100137446
100137447
100137448
100137449
100137450
100137451
100137452
100137453
100137454
100137455
100137456
100137457
100137458
100137459
100137460
100137461
100137462
100137463
100137464
100137465
100137466
100137467
100137468
100137469
100137470
100137471
100137472
100137473
100137474
100137475
100137476
100137477
100137478
100137479
100137480
100137481
100137482
100137483
100137484
100137485
100137486
100137487
100137488
100137489
100137490
100137491
100137492
100137493
100137494
100137495
100137496
100137497
100137498
100137499
100137500
100137501
100137502
100137503
100137504
100137505
100137506
100137507
100137508
100137509
100137510
100137511
100137512
100137513
100137514
100137515
100137516
100137517
100137518
100137519
100137520
100137521
100137522
100137523
100137524
100137525
100137526
100137527
100137528
100137529
100137530
100137531
100137532
100137533
100137534
100137535
100137536
100137537
100137538
100137539
100137540
100137541
100137542
100137543
100137544
100137545
100137546
100137547
100137548
100137549
100137550
100137551
100137552
100137553
100137554
100137555
100137556
100137557
100137558
100137559
100137560
100137561
100137562
100137563
100137564
100137565
100137566
100137567
100137568
100137569
100137570
100137571
100137572
100137573
100137574
100137575
100137576
100137577
100137578
100137579
100137580
100137581
100137582
100137583
100137584
100137585
100137586
100137587
100137588
100137589
100137590
100137591
100137592
100137593
100137594
100137595
100137596
100137597
100137598
100137599
100137600
100137601
100137602
100137603
100137604
100137605
100137606
100137607
100137608
100137609
100137610
100137611
100137612
100137613
100137614
100137615
100137616
100137617
100137618
100137619
100137620
100137621
100137622
100137623
100137624
100137625
100137626
100137627
100137628
100137629
100137630
100137631
100137632
100137633
100137634
100137635
100137636
100137637
100137638
100137639
100137640
100137641
100137642
100137643
100137644
100137645
100137646
100137647
100137648
100137649
100137650
100137651
100137652
100137653
100137654
100137655
100137656
100137657
100137658
100137659
100137660
100137661
100137662
100137663
100137664
100137665
100137666
100137667
100137668
100137669
100137670
100137671
100137672
100137673
100137674
100137675
100137676
100137677
100137678
100137679
100137680
100137681
100137682
100137683
100137684
100137685
100137686
100137687
100137688
100137689
100137690
100137691
100137692
100137693
100137694
100137695
100137696
100137697
100137698
100137699
100137700
100137701
100137702
100137703
100137704
100137705
100137706
100137707
100137708
100137709
100137710
100137711
100137712
100137713
100137714
100137715
100137716
100137717
100137718
100137719
100137720
100137721
100137722
100137723
100137724
100137725
100137726
100137727
100137728
100137729
100137730
100137731
100137732
100137733
100137734
100137735
100137736
100137737
100137738
100137739
100137740
100137741
100137742
100137743
100137744
100137745
100137746
100137747
100137748
100137749
100137750
100137751
100137752
100137753
100137754
100137755
100137756
100137757
100137758
100137759
100137760
100137761
100137762
100137763
100137764
100137765
100137766
100137767
100137768
100137769
100137770
100137771
100137772
100137773
100137774
100137775
100137776
100137777
100137778
100137779
100137780
100137781
100137782
100137783
100137784
100137785
100137786
100137787
100137788
100137789
100137790
100137791
100137792
100137793
100137794
100137795
100137796
100137797
100137798
100137799
100137800
100137801
100137802
100137803
100137804
100137805
100137806
100137807
100137808
100137809
100137810
100137811
100137812
100137813
100137814
100137815
100137816
100137817
100137818
100137819
100137820
100137821
100137822
100137823
100137824
100137825
100137826
100137827
100137828
100137829
100137830
100137831
100137832
100137833
100137834
100137835
100137836
100137837
100137838
100137839
100137840
100137841
100137842
100137843
100137844
100137845
100137846
100137847
100137848
100137849
100137850
100137851
100137852
100137853
100137854
100137855
100137856
100137857
100137858
100137859
100137860
100137861
100137862
100137863
100137864
100137865
100137866
100137867
100137868
100137869
100137870
100137871
100137872
100137873
100137874
100137875
100137876
100137877
100137878
100137879
100137880
100137881
100137882
100137883
100137884
100137885
100137886
100137887
100137888
100137889
100137890
100137891
100137892
100137893
100137894
100137895
100137896
100137897
100137898
100137899
100137900
100137901
100137902
100137903
100137904
100137905
100137906
100137907
100137908
100137909
100137910
100137911
100137912
100137913
100137914
100137915
100137916
100137917
100137918
100137919
100137920
100137921
100137922
100137923
100137924
100137925
100137926
100137927
100137928
100137929
100137930
100137931
100137932
100137933
100137934
100137935
100137936
100137937
100137938
100137939
100137940
100137941
100137942
100137943
100137944
100137945
100137946
100137947
100137948
100137949
100137950
100137951
100137952
100137953
100137954
100137955
100137956
100137957
100137958
100137959
100137960
100137961
100137962
100137963
100137964
100137965
100137966
100137967
100137968
100137969
100137970
100137971
100137972
100137973
100137974
100137975
100137976
100137977
100137978
100137979
100137980
100137981
100137982
100137983
100137984
100137985
100137986
100137987
100137988
100137989
100137990
100137991
100137992
100137993
100137994
100137995
100137996
100137997
100137998
100137999
100138000
100138001
100138002
100138003
100138004
100138005
100138006
100138007
100138008
100138009
100138010
100138011
100138012
100138013
100138014
100138015
100138016
100138017
100138018
100138019
100138020
100138021
100138022
100138023
100138024
100138025
100138026
100138027
100138028
100138029
100138030
100138031
100138032
100138033
100138034
100138035
100138036
100138037
100138038
100138039
100138040
100138041
100138042
100138043
100138044
100138045
100138046
100138047
100138048
100138049
100138050
100138051
100138052
100138053
100138054
100138055
100138056
100138057
100138058
100138059
100138060
100138061
100138062
100138063
100138064
100138065
100138066
100138067
100138068
100138069
100138070
100138071
100138072
100138073
100138074
100138075
100138076
100138077
100138078
100138079
100138080
100138081
100138082
100138083
100138084
100138085
100138086
100138087
100138088
100138089
100138090
100138091
100138092
100138093
100138094
100138095
100138096
100138097
100138098
100138099
100138100
100138101
100138102
100138103
100138104
100138105
100138106
100138107
100138108
100138109
100138110
100138111
100138112
100138113
100138114
100138115
100138116
100138117
100138118
100138119
100138120
100138121
100138122
100138123
100138124
100138125
100138126
100138127
100138128
100138129
100138130
100138131
100138132
100138133
100138134
100138135
100138136
100138137
100138138
100138139
100138140
100138141
100138142
100138143
100138144
100138145
100138146
100138147
100138148
100138149
100138150
100138151
100138152
100138153
100138154
100138155
100138156
100138157
100138158
100138159
100138160
100138161
100138162
100138163
100138164
100138165
100138166
100138167
100138168
100138169
100138170
100138171
100138172
100138173
100138174
100138175
100138176
100138177
100138178
100138179
100138180
100138181
100138182
100138183
100138184
100138185
100138186
100138187
100138188
100138189
100138190
100138191
100138192
100138193
100138194
100138195
100138196
100138197
100138198
100138199
100138200
100138201
100138202
100138203
100138204
100138205
100138206
100138207
100138208
100138209
100138210
100138211
100138212
100138213
100138214
100138215
100138216
100138217
100138218
100138219
100138220
100138221
100138222
100138223
100138224
100138225
100138226
100138227
100138228
100138229
100138230
100138231
100138232
100138233
100138234
100138235
100138236
100138237
100138238
100138239
100138240
100138241
100138242
100138243
100138244
100138245
100138246
100138247
100138248
100138249
100138250
100138251
100138252
100138253
100138254
100138255
100138256
100138257
100138258
100138259
100138260
100138261
100138262
100138263
100138264
100138265
100138266
100138267
100138268
100138269
100138270
100138271
100138272
100138273
100138274
100138275
100138276
100138277
100138278
100138279
100138280
100138281
100138282
100138283
100138284
100138285
100138286
100138287
100138288
100138289
100138290
100138291
100138292
100138293
100138294
100138295
100138296
100138297
100138298
100138299
100138300
100138301
100138302
100138303
100138304
100138305
100138306
100138307
100138308
100138309
100138310
100138311
100138312
100138313
100138314
100138315
100138316
100138317
100138318
100138319
100138320
100138321
100138322
100138323
100138324
100138325
100138326
100138327
100138328
100138329
100138330
100138331
100138332
100138333
100138334
100138335
100138336
100138337
100138338
100138339
100138340
100138341
100138342
100138343
100138344
100138345
100138346
100138347
100138348
100138349
100138350
100138351
100138352
100138353
100138354
100138355
100138356
100138357
100138358
100138359
100138360
100138361
100138362
100138363
100138364
100138365
100138366
100138367
100138368
100138369
100138370
100138371
100138372
100138373
100138374
100138375
100138376
100138377
100138378
100138379
100138380
100138381
100138382
100138383
100138384
100138385
100138386
100138387
100138388
100138389
100138390
100138391
100138392
100138393
100138394
100138395
100138396
100138397
100138398
100138399
100138400
100138401
100138402
100138403
100138404
100138405
100138406
100138407
100138408
100138409
100138410
100138411
100138412
100138413
100138414
100138415
100138416
100138417
100138418
100138419
100138420
100138421
100138422
100138423
100138424
100138425
100138426
100138427
100138428
100138429
100138430
100138431
100138432
100138433
100138434
100138435
100138436
100138437
100138438
100138439
100138440
100138441
100138442
100138443
100138444
100138445
100138446
100138447
100138448
100138449
100138450
100138451
100138452
100138453
100138454
100138455
100138456
100138457
100138458
100138459
100138460
100138461
100138462
100138463
100138464
100138465
100138466
100138467
100138468
100138469
100138470
100138471
100138472
100138473
100138474
100138475
100138476
100138477
100138478
100138479
100138480
100138481
100138482
100138483
100138484
100138485
100138486
100138487
100138488
100138489
100138490
100138491
100138492
100138493
100138494
100138495
100138496
100138497
100138498
100138499
100138500
100138501
100138502
100138503
100138504
100138505
100138506
100138507
100138508
100138509
100138510
100138511
100138512
100138513
100138514
100138515
100138516
100138517
100138518
100138519
100138520
100138521
100138522
100138523
100138524
100138525
100138526
100138527
100138528
100138529
100138530
100138531
100138532
100138533
100138534
100138535
100138536
100138537
100138538
100138539
100138540
100138541
100138542
100138543
100138544
100138545
100138546
100138547
100138548
100138549
100138550
100138551
100138552
100138553
100138554
100138555
100138556
100138557
100138558
100138559
100138560
100138561
100138562
100138563
100138564
100138565
100138566
100138567
100138568
100138569
100138570
100138571
100138572
100138573
100138574
100138575
100138576
100138577
100138578
100138579
100138580
100138581
100138582
100138583
100138584
100138585
100138586
100138587
100138588
100138589
100138590
100138591
100138592
100138593
100138594
100138595
100138596
100138597
100138598
100138599
100138600
100138601
100138602
100138603
100138604
100138605
100138606
100138607
100138608
100138609
100138610
100138611
100138612
100138613
100138614
100138615
100138616
100138617
100138618
100138619
100138620
100138621
100138622
100138623
100138624
100138625
100138626
100138627
100138628
100138629
100138630
100138631
100138632
100138633
100138634
100138635
100138636
100138637
100138638
100138639
100138640
100138641
100138642
100138643
100138644
100138645
100138646
100138647
100138648
100138649
100138650
100138651
100138652
100138653
100138654
100138655
100138656
100138657
100138658
100138659
100138660
100138661
100138662
100138663
100138664
100138665
100138666
100138667
100138668
100138669
100138670
100138671
100138672
100138673
100138674
100138675
100138676
100138677
100138678
100138679
100138680
100138681
100138682
100138683
100138684
100138685
100138686
100138687
100138688
100138689
100138690
100138691
100138692
100138693
100138694
100138695
100138696
100138697
100138698
100138699
100138700
100138701
100138702
100138703
100138704
100138705
100138706
100138707
100138708
100138709
100138710
100138711
100138712
100138713
100138714
100138715
100138716
100138717
100138718
100138719
100138720
100138721
100138722
100138723
100138724
100138725
100138726
100138727
100138728
100138729
100138730
100138731
100138732
100138733
100138734
100138735
100138736
100138737
100138738
100138739
100138740
100138741
100138742
100138743
100138744
100138745
100138746
100138747
100138748
100138749
100138750
100138751
100138752
100138753
100138754
100138755
100138756
100138757
100138758
100138759
100138760
100138761
100138762
100138763
100138764
100138765
100138766
100138767
100138768
100138769
100138770
100138771
100138772
100138773
100138774
100138775
100138776
100138777
100138778
100138779
100138780
100138781
100138782
100138783
100138784
100138785
100138786
100138787
100138788
100138789
100138790
100138791
100138792
100138793
100138794
100138795
100138796
100138797
100138798
100138799
100138800
100138801
100138802
100138803
100138804
100138805
100138806
100138807
100138808
100138809
100138810
100138811
100138812
100138813
100138814
100138815
100138816
100138817
100138818
100138819
100138820
100138821
100138822
100138823
100138824
100138825
100138826
100138827
100138828
100138829
100138830
100138831
100138832
100138833
100138834
100138835
100138836
100138837
100138838
100138839
100138840
100138841
100138842
100138843
100138844
100138845
100138846
100138847
100138848
100138849
100138850
100138851
100138852
100138853
100138854
100138855
100138856
100138857
100138858
100138859
100138860
100138861
100138862
100138863
100138864
100138865
100138866
100138867
100138868
100138869
100138870
100138871
100138872
100138873
100138874
100138875
100138876
100138877
100138878
100138879
100138880
100138881
100138882
100138883
100138884
100138885
100138886
100138887
100138888
100138889
100138890
100138891
100138892
100138893
100138894
100138895
100138896
100138897
100138898
100138899
100138900
100138901
100138902
100138903
100138904
100138905
100138906
100138907
100138908
100138909
100138910
100138911
100138912
100138913
100138914
100138915
100138916
100138917
100138918
100138919
100138920
100138921
100138922
100138923
100138924
100138925
100138926
100138927
100138928
100138929
100138930
100138931
100138932
100138933
100138934
100138935
100138936
100138937
100138938
100138939
100138940
100138941
100138942
100138943
100138944
100138945
100138946
100138947
100138948
100138949
100138950
100138951
100138952
100138953
100138954
100138955
100138956
100138957
100138958
100138959
100138960
100138961
100138962
100138963
100138964
100138965
100138966
100138967
100138968
100138969
100138970
100138971
100138972
100138973
100138974
100138975
100138976
100138977
100138978
100138979
100138980
100138981
100138982
100138983
100138984
100138985
100138986
100138987
100138988
100138989
100138990
100138991
100138992
100138993
100138994
100138995
100138996
100138997
100138998
100138999
100139000
100139001
100139002
100139003
100139004
100139005
100139006
100139007
100139008
100139009
100139010
100139011
100139012
100139013
100139014
100139015
100139016
100139017
100139018
100139019
100139020
100139021
100139022
100139023
100139024
100139025
100139026
100139027
100139028
100139029
100139030
100139031
100139032
100139033
100139034
100139035
100139036
100139037
100139038
100139039
100139040
100139041
100139042
100139043
100139044
100139045
100139046
100139047
100139048
100139049
100139050
100139051
100139052
100139053
100139054
100139055
100139056
100139057
100139058
100139059
100139060
100139061
100139062
100139063
100139064
100139065
100139066
100139067
100139068
100139069
100139070
100139071
100139072
100139073
100139074
100139075
100139076
100139077
100139078
100139079
100139080
100139081
100139082
100139083
100139084
100139085
100139086
100139087
100139088
100139089
100139090
100139091
100139092
100139093
100139094
100139095
100139096
100139097
100139098
100139099
100139100
100139101
100139102
100139103
100139104
100139105
100139106
100139107
100139108
100139109
100139110
100139111
100139112
100139113
100139114
100139115
100139116
100139117
100139118
100139119
100139120
100139121
100139122
100139123
100139124
100139125
100139126
100139127
100139128
100139129
100139130
100139131
100139132
100139133
100139134
100139135
100139136
100139137
100139138
100139139
100139140
100139141
100139142
100139143
100139144
100139145
100139146
100139147
100139148
100139149
100139150
100139151
100139152
100139153
100139154
100139155
100139156
100139157
100139158
100139159
100139160
100139161
100139162
100139163
100139164
100139165
100139166
100139167
100139168
100139169
100139170
100139171
100139172
100139173
100139174
100139175
100139176
100139177
100139178
100139179
100139180
100139181
100139182
100139183
100139184
100139185
100139186
100139187
100139188
100139189
100139190
100139191
100139192
100139193
100139194
100139195
100139196
100139197
100139198
100139199
100139200
100139201
100139202
100139203
100139204
100139205
100139206
100139207
100139208
100139209
100139210
100139211
100139212
100139213
100139214
100139215
100139216
100139217
100139218
100139219
100139220
100139221
100139222
100139223
100139224
100139225
100139226
100139227
100139228
100139229
100139230
100139231
100139232
100139233
100139234
100139235
100139236
100139237
100139238
100139239
100139240
100139241
100139242
100139243
100139244
100139245
100139246
100139247
100139248
100139249
100139250
100139251
100139252
100139253
100139254
100139255
100139256
100139257
100139258
100139259
100139260
100139261
100139262
100139263
100139264
100139265
100139266
100139267
100139268
100139269
100139270
100139271
100139272
100139273
100139274
100139275
100139276
100139277
100139278
100139279
100139280
100139281
100139282
100139283
100139284
100139285
100139286
100139287
100139288
100139289
100139290
100139291
100139292
100139293
100139294
100139295
100139296
100139297
100139298
100139299
100139300
100139301
100139302
100139303
100139304
100139305
100139306
100139307
100139308
100139309
100139310
100139311
100139312
100139313
100139314
100139315
100139316
100139317
100139318
100139319
100139320
100139321
100139322
100139323
100139324
100139325
100139326
100139327
100139328
100139329
100139330
100139331
100139332
100139333
100139334
100139335
100139336
100139337
100139338
100139339
100139340
100139341
100139342
100139343
100139344
100139345
100139346
100139347
100139348
100139349
100139350
100139351
100139352
100139353
100139354
100139355
100139356
100139357
100139358
100139359
100139360
100139361
100139362
100139363
100139364
100139365
100139366
100139367
100139368
100139369
100139370
100139371
100139372
100139373
100139374
100139375
100139376
100139377
